5 7 20 34 7 52 74 71 39 57 21 85 59 80 75 78 76 76 48 88 79 83 23 
19 33 58 70 56 84 74 77 75 87 82 
5 7 19 34 7 20 56 71 39 57 21 33 58 74 74 75 76 76 48 88 79 83 23 85 52 59 70 80 84 75 77 78 87 82 
1
0
5 7 19 34 7 20 56 71 39 57 21 33 58 74 74 75 76 76 48 88 79 83 23 85 52 59 70 80 84 75 77 78 87 82 
5
3 7 19 34 7 20 56 71 39 57 21 33 58 74 74 75 76 76 48 88 79 83 23 85 52 59 70 80 84 75 77 78 87 82 
7 15 19 34 21 20 56 71 39 57 23 33 58 74 74 75 76 76 48 88 79 83 82 85 52 59 70 80 84 75 77 78 87 
7
1
