3 6 11 13 9 12 13 19 16 22 42 16 28 27 34 56 29 44 18 39 38 48 54 27 28 48 57 100 64 70 64 94 58 75 97 91 81 96 46 99 68 98 87 89 72 88 92 85 65 52 28 96 
11 15 12 17 21 15 26 18 43 67 41 26 47 63 63 93 28 90 45 98 97 88 53 64 27 95 
3 6 11 13 9 11 13 19 16 22 42 16 12 15 18 26 28 44 18 39 38 48 54 27 28 28 12 17 26 34 41 47 58 29 45 91 53 27 46 99 68 98 87 89 72 88 92 85 65 52 28 96 48 15 57 100 21 64 27 70 43 67 64 94 56 63 63 93 75 90 97 98 97 88 81 64 96 95 
1
0
3 6 11 13 9 11 13 19 16 22 42 16 12 15 18 26 28 44 18 39 38 48 54 27 28 28 12 17 26 34 41 47 58 29 45 91 53 27 46 99 68 98 87 89 72 88 92 85 65 52 28 96 48 15 57 100 21 64 27 70 43 67 64 94 56 63 63 93 75 90 97 98 97 88 81 64 96 95 
3
1 6 11 13 9 11 13 19 16 22 42 16 12 15 18 26 28 44 18 39 38 48 54 27 28 28 12 17 26 34 41 47 58 29 45 91 53 27 46 99 68 98 87 89 72 88 92 85 65 52 28 96 48 15 57 100 21 64 27 70 43 67 64 94 56 63 63 93 75 90 97 98 97 88 81 64 96 95 
9 13 11 16 14 11 13 19 18 22 42 16 12 15 18 26 28 44 27 39 38 48 54 27 28 28 12 17 26 34 41 47 58 29 45 91 53 64 46 99 68 98 87 89 72 88 92 85 65 52 28 96 48 15 57 100 21 64 27 70 43 67 64 94 56 63 63 93 75 90 97 98 97 88 81 95 96 
9
1
