1 14 6 31 31 8 32 46 58 51 44 44 37 54 33 93 90 91 78 88 62 55 48 49 
0 30 7 30 47 36 53 89 77 87 54 48 
0 14 1 31 31 6 30 46 48 51 44 8 7 32 33 77 54 58 78 88 62 55 48 49 44 30 37 54 47 36 53 89 93 87 90 91 
1
0
0 14 1 31 31 6 30 46 48 51 44 8 7 32 33 77 54 58 78 88 62 55 48 49 44 30 37 54 47 36 53 89 93 87 90 91 
0
-2 14 1 31 31 6 30 46 48 51 44 8 7 32 33 77 54 58 78 88 62 55 48 49 44 30 37 54 47 36 53 89 93 87 90 91 
1 22 6 31 31 7 30 46 48 51 44 8 30 32 33 77 54 58 78 88 62 55 48 49 44 91 37 54 47 36 53 89 93 87 90 
1
1
